date,value
20231030,4067.44
20231027,4058.34
20231026,4053.38
20231025,4027.03
20231024,4033.62
20231023,3982.33
20231020,4015.03
20231019,4082.53
20231018,4147.15
20231017,4208.88
20231016,4252.1
20231013,4247.14
20231012,4282.77
20231011,4287.12
20231010,4274.47
20231009,4179.27
20231006,4189.61
20231005,4135
20231004,4138.77
20231003,4159.95
20231002,4221.68
20230929,4269.52
20230928,4239.42
20230927,4215.45
20230926,4232.97
20230925,4275.45
20230922,4326.24
20230921,4340.86
20230920,4387.07
20230919,4369.37
20230918,4383.31
20230915,4406.46
20230914,4400.54
20230913,4313.53
20230912,4328.65
20230911,4377.05
20230908,4330.86
20230907,4358.06
20230906,4394.5
20230905,4383.43
20230901,4390.71
20230831,4378.95
20230830,4393.69
20230829,4369.64
20230828,4294.21
20230825,4232.24
20230824,4227.12
20230823,4252.44
20230822,4240.55
20230821,4201.61
20230818,4209.88
20230817,4226.16
20230816,4232.57
20230815,4246.95
20230814,4270.61
20230811,4303.85
20230810,4349.05
20230809,4318.35
20230808,4265.71
20230807,4298.17
20230804,4291.94
20230803,4266.43
20230802,4309.41
20230801,4376.34
20230731,4388.24
20230728,4385.13
20230727,4384.29
20230726,4437.67
20230725,4479.52
20230724,4412.14
20230721,4397.96
20230720,4405.25
20230719,4419.3
20230718,4410.34
20230717,4377.14
20230714,4403.8
20230713,4467.76
20230712,4441.49
20230711,4385.39
20230710,4355.55
20230707,4364.99
20230706,4352.27
20230705,4433.59
20230703,4461.54
20230630,4419.87
20230629,4400.84
20230628,4413.25
20230627,4382.07
20230626,4371.3
20230623,4371.81
20230622,4371.81
20230621,4445.99
20230620,4526.85
20230616,4607.76
20230615,4665.83
20230614,4682.92
20230613,4672.56
20230612,4629.24
20230609,4627.98
20230608,4611.2
20230607,4618.72
20230606,4621.7
20230605,4599.77
20230602,4597.78
20230601,4494.75
20230531,4463.1
20230530,4524.59
20230526,4536.65
20230525,4497.82
20230524,4552.82
20230523,4627.94
20230522,4627.68
20230519,4642.8
20230518,4631.66
20230517,4631.66
20230516,4647.04
20230515,4706.42
20230512,4694.59
20230511,4712.62
20230510,4720.51
20230509,4719.53
20230508,4782.35
20230505,4765.06
20230504,4707.08
20230503,4734.59
20230502,4705.52
20230501,4749.99
20230428,4749.99
20230427,4755.08
20230426,4755.95
20230425,4720.34
20230424,4730.33
20230421,4722.46
20230420,4751.69
20230419,4784.9
20230418,4808.46
20230417,4818.25
20230414,4821.48
20230413,4790.8
20230412,4786.04
20230411,4816.34
20230410,4760.67
20230406,4760.67
20230405,4744.48
20230404,4781.26
20230403,4763.85
20230331,4777.66
20230330,4749.53
20230329,4676.45
20230328,4638.92
20230327,4644.37
20230324,4611.7
20230323,4713.34
20230322,4735.85
20230321,4765.37
20230320,4669.08
20230317,4619.27
20230316,4692.3
20230315,4667.23
20230314,4824.99
20230313,4771.25
20230310,4876.8
20230309,4958.88
20230308,5001.01
20230307,5003.57
20230306,5043.67
20230303,5067.93
20230302,5006
20230301,5016.32
20230228,5027.02
20230227,5030.05
20230224,4961.16
20230223,4992.14
20230222,4998.38
20230221,4998.03
20230217,5014.16
20230216,5015.11
20230215,5005.36
20230214,5019.74
20230213,5021.28
20230210,4961.36
20230209,5036.79
20230208,5042.17
20230207,5010.65
20230206,5007.76
20230203,5057.87
20230202,5061.21
20230201,4975.07
20230131,4938.44
20230130,4986.07
20230127,5013.54
20230126,5007.16
20230125,4968.53
20230124,5010.68
20230123,5021.52
20230120,4983.15
20230119,4957.22
20230118,5019.99
20230117,4994.12
20230113,5044.5
20230112,5057.13
20230111,5012.23
20230110,5007.15
20230109,5068.23
20230106,4968.26
20230105,4968.26
20230104,4939.68
20230103,4909.51
20221230,4917.03
20221229,4887.24
20221228,4858.39
20221227,4884.73
20221223,4880.82
20221222,4869.98
20221221,4893.97
20221220,4849.69
20221219,4827.44
20221216,4786.86
20221215,4852.77
20221214,4964.91
20221213,4961.4
20221212,4926.01
20221209,4981.51
20221208,4913.34
20221207,4926.3
20221206,5006.03
20221205,5006.03
20221202,5005.27
20221201,4983.97
20221130,4925.62
20221129,4894.06
20221128,4855.23
20221125,4921.18
20221123,4916.35
20221122,4877
20221121,4845.6
20221118,4863.89
20221117,4813.41
20221116,4866.68
20221115,4893.48
20221114,4899.02
20221111,4888.31
20221110,4876.35
20221109,4814.36
20221108,4808.4
20221107,4767.83
20221104,4718.35
20221103,4587.77
20221102,4619.86
20221101,4646.58
20221031,4606.53
20221028,4604.49
20221027,4652.43
20221026,4671.56
20221025,4620.3
20221024,4579.95
20221021,4535.8
20221020,4535.6
20221019,4578.06
20221018,4608.1
20221017,4577.52
20221014,4487.12
20221013,4422.62
20221012,4388.63
20221011,4400.73
20221010,4399.19
20221007,4405.11
20221006,4496.18
20221005,4525.99
20221004,4587.41
20221003,4448.91
20220930,4382.38
20220929,4302.68
20220928,4401.09
20220927,4383.89
20220926,4368.87
20220923,4391.4
20220922,4477.25
20220921,4545.48
20220920,4492.12
20220919,4563.12
20220916,4602.09
20220915,4645.53
20220914,4638.04
20220913,4697.35
20220912,4767.49
20220909,4695.65
20220908,4621.4
20220907,4612.6
20220906,4592.81
20220902,4590.23
20220901,4585.04
20220831,4701.92
20220830,4702.89
20220829,4701.1
20220826,4743.36
20220825,4800.58
20220824,4783.22
20220823,4780.6
20220822,4767.64
20220819,4829.01
20220818,4861.17
20220817,4819.1
20220816,4904.79
20220815,4853.97
20220812,4868.15
20220811,4873.79
20220810,4851.84
20220809,4774.96
20220808,4807.6
20220805,4770.8
20220804,4803.14
20220803,4768.94
20220802,4739.35
20220801,4805.63
20220729,4795.55
20220728,4739.32
20220727,4630.36
20220726,4637.8
20220725,4664.99
20220722,4655.66
20220721,4709.9
20220720,4657.28
20220719,4634.33
20220718,4579.01
20220715,4532.96
20220714,4461.43
20220713,4524.03
20220712,4584.66
20220711,4554.58
20220708,4623.68
20220707,4597.47
20220706,4484.69
20220705,4455.51
20220701,4546.2
20220630,4494.88
20220629,4590.98
20220628,4656.63
20220627,4627.68
20220624,4477.13
20220623,4477.13
20220622,4612.84
20220621,4683.57
20220617,4655.8
20220616,4533.63
20220615,4668.16
20220614,4608.02
20220613,4608.63
20220610,4738.25
20220609,4852.57
20220608,4909.76
20220607,4910.77
20220606,4931.66
20220603,4868.52
20220602,4856.33
20220601,4822.01
20220531,4859.16
20220527,4950.98
20220526,4858.2
20220525,4858.2
20220524,4789.55
20220523,4816.25
20220520,4752.01
20220519,4712.29
20220518,4772.82
20220517,4828.05
20220516,4756.85
20220513,4746.7
20220512,4652.36
20220511,4663.76
20220510,4575.9
20220509,4546.59
20220506,4708.14
20220505,4755.71
20220504,4818.14
20220503,4870.98
20220502,4810.55
20220429,4882.68
20220428,4870.3
20220427,4920.77
20220426,4841.21
20220425,4830.48
20220422,4954.64
20220421,5037.13
20220420,4972.63
20220419,4920.59
20220418,4906.02
20220414,4906.02
20220413,4882.07
20220412,4885.69
20220411,4879.1
20220408,4951.14
20220407,4850.07
20220406,4871.51
20220405,4931.78
20220404,4921.72
20220401,4914.85
20220331,4865.29
20220330,4913.29
20220329,4960.59
20220328,4836.85
20220325,4794
20220324,4852.59
20220323,4895.43
20220322,4961.06
20220321,4945.74
20220318,4925.01
20220317,4924.32
20220316,4943.91
20220315,4780.22
20220314,4856.77
20220311,4674.59
20220310,4585.14
20220309,4569.91
20220308,4390.94
20220307,4336.46
20220304,4384.97
20220303,4580.79
20220302,4720.22
20220301,4665.85
20220228,4891.77
20220225,4951.46
20220224,4779.1
20220223,4969.67
20220222,4994.17
20220218,5054.32
20220217,5151.89
20220216,5229.53
20220215,5209.26
20220214,5146.87
20220211,5269.73
20220210,5297.14
20220209,5339.26
20220208,5287.82
20220207,5299.08
20220204,5217.15
20220203,5288.85
20220202,5375.67
20220201,5378.2
20220131,5301.8
20220128,5227.37
20220127,5251.64
20220126,5274.23
20220125,5185.24
20220124,5126.62
20220121,5356.51
20220120,5525.13
20220119,5494.21
20220118,5507.2
20220114,5544.51
20220113,5591.06
20220112,5593.51
20220111,5561.7
20220110,5525.32
20220107,5609.58
20220106,5695.14
20220105,5695.14
20220104,5657.25
20220103,5595.78
20211231,5571.97
20211230,5571.97
20211229,5581.27
20211228,5605.85
20211227,5584.77
20211223,5534.49
20211222,5472.59
20211221,5427.53
20211220,5358.58
20211217,5435.88
20211216,5469.1
20211215,5405.13
20211214,5373.89
20211213,5430.45
20211210,5452.24
20211209,5478.05
20211208,5504.75
20211207,5519.71
20211206,5322.41
20211203,5322.41
20211202,5380.96
20211201,5429.48
20211130,5301.07
20211129,5362.79
20211126,5291.8
20211124,5483.84
20211123,5433.21
20211122,5511.53
20211119,5494.98
20211118,5502.23
20211117,5560.84
20211116,5537.07
20211115,5519.84
20211112,5519.53
20211111,5518.37
20211110,5470.27
20211109,5475.79
20211108,5514.07
20211105,5509
20211104,5499.34
20211103,5485.53
20211102,5409.66
20211101,5396.95
20211029,5388.56
20211028,5443.26
20211027,5492.79
20211026,5511.64
20211025,5491.69
20211022,5509.5
20211021,5448.38
20211020,5498.15
20211019,5473.18
20211018,5444.33
20211015,5468.32
20211014,5439.72
20211013,5377.42
20211012,5349.32
20211011,5350.62
20211008,5366.48
20211007,5352.59
20211006,5280.32
20211005,5347.45
20211004,5301.19
20211001,5342.23
20210930,5349.02
20210929,5332.34
20210928,5300.88
20210927,5445.06
20210924,5465.62
20210923,5554.42
20210922,5500.87
20210921,5404.69
20210920,5383.79
20210917,5489.72
20210916,5568
20210915,5573.26
20210914,5611.79
20210913,5644.49
20210910,5656.77
20210909,5684.11
20210908,5706.63
20210907,5786.9
20210903,5785.42
20210902,5750.7
20210901,5688.93
20210831,5669.94
20210830,5713.73
20210827,5707.76
20210826,5686.26
20210825,5689.82
20210824,5667.1
20210823,5656.1
20210820,5606.2
20210819,5579.85
20210818,5681.22
20210817,5668.68
20210816,5676.89
20210813,5720.09
20210812,5712.25
20210811,5712.83
20210810,5700.04
20210809,5684.56
20210806,5698.41
20210805,5689.58
20210804,5693.54
20210803,5664.42
20210802,5645.91
20210730,5626.26
20210729,5655.16
20210728,5610.48
20210727,5625.49
20210726,5679.27
20210723,5661.2
20210722,5583.72
20210721,5546.64
20210720,5475.58
20210719,5398.14
20210716,5510.55
20210715,5515.47
20210714,5549.11
20210713,5528.07
20210712,5487.47
20210709,5443.41
20210708,5383.32
20210707,5443.7
20210706,5402.72
20210702,5434.42
20210701,5363.25
20210630,5331.77
20210629,5370.66
20210628,5352.53
20210625,5340.45
20210624,5340.45
20210623,5285.46
20210622,5328.1
20210621,5299.67
20210618,5274.14
20210617,5319.65
20210616,5360.12
20210615,5354.23
20210614,5375.73
20210611,5344.66
20210610,5301.91
20210609,5325.61
20210608,5326.3
20210607,5316.73
20210604,5316.11
20210603,5304.51
20210602,5281.3
20210601,5220.24
20210528,5157.91
20210527,5177.06
20210526,5157.93
20210525,5176.33
20210524,5176.35
20210521,5188.54
20210520,5152.5
20210519,5139.6
20210518,5213.32
20210517,5160.72
20210514,5156.01
20210513,5103.39
20210512,5103.39
20210511,5104.07
20210510,5202.31
20210507,5220.16
20210506,5153.36
20210505,5168.09
20210504,5071.91
20210503,5139.41
20210430,5119.75
20210429,5131.18
20210428,5127.27
20210427,5162.09
20210426,5183.79
20210423,5151.41
20210422,5118.96
20210421,5058.78
20210420,5049.23
20210419,5127.73
20210416,5117.29
20210415,5037.14
20210414,5003.87
20210413,5010.06
20210412,4985.69
20210409,5022.17
20210408,5002
20210407,4995.12
20210406,4977.3
20210405,4966.76
20210401,4966.76
20210331,4930.97
20210330,5003.72
20210329,4990.01
20210326,4983.59
20210325,4941.77
20210324,4924.67
20210323,4897.64
20210322,4911
20210319,4902.19
20210318,4902.2
20210317,4910.64
20210316,4955.86
20210315,4954.81
20210312,4946.9
20210311,4961.37
20210310,4909.61
20210309,4901.01
20210308,4873.8
20210305,4765.13
20210304,4789.45
20210303,4870.16
20210302,4880.47
20210301,4850.74
20210226,4789.27
20210225,4883.09
20210224,4838.59
20210223,4807.82
20210222,4833.7
20210219,4852.81
20210218,4845.15
20210217,4874.84
20210216,4920.98
20210212,4893.32
20210211,4821.5
20210210,4789.21
20210209,4777.53
20210208,4820.15
20210205,4783.12
20210204,4845.1
20210203,4819.12
20210202,4763.79
20210201,4754.07
20210129,4735.4
20210128,4751.61
20210127,4850.21
20210126,4827.21
20210125,4803.56
20210122,4794.33
20210121,4830.05
20210120,4799.68
20210119,4735.78
20210115,4739.85
20210114,4756.05
20210113,4722.75
20210112,4748.33
20210111,4689.24
20210108,4730.63
20210107,4738.24
20210106,4599.39
20210105,4599.39
20210104,4611.05
20201231,4586.15
20201230,4586.15
20201229,4622.84
20201228,4584.01
20201224,4530.21
20201223,4530.21
20201222,4500.27
20201221,4468.94
20201218,4575.42
20201217,4578.95
20201216,4603.04
20201215,4594.67
20201214,4553.37
20201211,4547.95
20201210,4585.32
20201209,4594.49
20201208,4607.69
20201207,4571.12
20201204,4547.17
20201203,4557.42
20201202,4571.97
20201201,4589.66
20201130,4564.66
20201127,4624.11
20201125,4567.64
20201124,4560.37
20201123,4506.81
20201120,4491.45
20201119,4464.49
20201118,4504.75
20201117,4470.69
20201116,4464.31
20201113,4421.33
20201112,4429.16
20201111,4478.48
20201110,4503.27
20201109,4446
20201106,4281.77
20201105,4295.27
20201104,4256.03
20201103,4213.32
20201102,4105.88
20201030,4057
20201029,4036.92
20201028,4113.37
20201027,4237.43
20201026,4299.86
20201023,4385.15
20201022,4366.02
20201021,4384.11
20201020,4429.08
20201019,4447.52
20201016,4439.49
20201015,4403.02
20201014,4468.23
20201013,4439.58
20201012,4470.04
20201009,4419.21
20201008,4379.59
20201007,4364.66
20201006,4372.26
20201005,4380.48
20201002,4317.41
20201001,4320.17
20200930,4280.97
20200929,4291.65
20200928,4309.08
20200925,4215.65
20200924,4249.08
20200923,4299.92
20200922,4301.35
20200921,4254.85
20200918,4403.65
20200917,4399.96
20200916,4397.76
20200915,4336.43
20200914,4308.57
20200911,4317.05
20200910,4326.11
20200909,4342.93
20200908,4269.21
20200904,4313.09
20200903,4271.36
20200902,4331.57
20200901,4301.7
20200831,4308.8
20200828,4333.03
20200827,4338.88
20200826,4353.31
20200825,4302.15
20200824,4285.61
20200821,4225.91
20200820,4223.38
20200819,4255.27
20200818,4240.46
20200817,4253.52
20200814,4209.43
20200813,4247.14
20200812,4258.48
20200811,4217.08
20200810,4170.6
20200807,4151.45
20200806,4137.48
20200805,4151.06
20200804,4151.03
20200803,4145.96
20200731,4078.96
20200730,4016.32
20200729,4101.08
20200728,4122.6
20200727,4142.34
20200724,4174.7
20200723,4206.2
20200722,4141.7
20200721,4122.71
20200720,4111.19
20200717,4070.94
20200716,4058.98
20200715,4062.74
20200714,4056.32
20200713,4031.32
20200710,3942.88
20200709,3918.61
20200708,3966.31
20200707,4006.46
20200706,4055.31
20200702,3976.03
20200701,3943.97
20200630,3927.39
20200629,3947.76
20200626,3926.76
20200625,3931.58
20200624,3921
20200623,3990.43
20200622,3936.82
20200619,3976.16
20200618,3976.16
20200617,3983.17
20200616,4005.12
20200615,3888.88
20200612,3905.24
20200611,3880.42
20200610,4049.18
20200609,4089.56
20200608,4128.9
20200605,4137.79
20200604,4078.41
20200603,4076.62
20200602,4033.99
20200601,3999.21
20200529,3957.99
20200528,3998.19
20200527,3953.83
20200526,3880.13
20200522,3787.37
20200521,3765.34
20200520,3765.34
20200519,3706.89
20200518,3693.96
20200515,3511.9
20200514,3514.16
20200513,3605.11
20200512,3699.07
20200511,3672.36
20200508,3684.59
20200507,3657.05
20200506,3602.58
20200505,3615.92
20200504,3580.93
20200501,3739.21
20200430,3739.21
20200429,3748.91
20200428,3615.96
20200427,3505.58
20200424,3468.78
20200423,3502.72
20200422,3455.79
20200421,3347.8
20200420,3461.63
20200417,3470.13
20200416,3382.79
20200415,3385.76
20200414,3534.09
20200413,3467.26
20200409,3467.26
20200408,3434.52
20200407,3444.02
20200406,3336.79
20200403,3254.01
20200402,3294.22
20200401,3263.12
20200331,3382.46
20200330,3225.08
20200327,3209.09
20200326,3321.67
20200325,3252.2
20200324,3112.07
20200323,2911.42
20200320,3040.69
20200319,3011.97
20200318,2905.76
20200317,2982.67
20200316,2935.31
20200313,3095.49
20200312,3149.34
20200311,3504.26
20200310,3536.21
20200309,3595.94
20200306,3879.02
20200305,4024.56
20200304,4098.51
20200303,4081.84
20200302,4041.56
20200228,4026.23
20200227,4154.6
20200226,4276.3
20200225,4236.71
20200224,4317.04
20200221,4470
20200220,4483.86
20200219,4502.68
20200218,4458.79
20200214,4526.38
20200213,4548.32
20200212,4558.54
20200211,4581.49
20200210,4517.51
20200207,4525.72
20200206,4485.86
20200205,4440.14
20200204,4359.76
20200203,4294.1
20200131,4300.08
20200130,4322.74
20200129,4315.41
20200128,4323.93
20200127,4246.68
20200124,4344.26
20200123,4324.77
20200122,4352.1
20200121,4364.59
20200117,4396.48
20200116,4338.08
20200115,4295.85
20200114,4296.29
20200113,4285.54
20200110,4262.12
20200109,4239.57
20200108,4236.55
20200107,4259.85
20200106,4265.47
20200103,4265.47
20200102,4285.03
20191231,4221.98
20191230,4221.98
20191227,4255.8
20191226,4248.7
20191224,4248.7
20191223,4248.7
20191220,4236.98
20191219,4196.86
20191218,4175.99
20191217,4165.9
20191216,4135.04
20191213,4099.86
20191212,4064.77
20191211,4040.55
20191210,4035.96
20191209,4048.75
20191206,4026.46
20191205,4026.46
20191204,4036.5
20191203,3991.53
20191202,4011.41
20191129,4059.93
20191127,4077.39
20191126,4082.35
20191125,4085.96
20191122,4065.76
20191121,4057.99
20191120,4080.95
20191119,4084.72
20191118,4103.5
20191115,4122.12
20191114,4089
20191113,4132.81
20191112,4168.18
20191111,4152.45
20191108,4158.86
20191107,4168.64
20191106,4158.12
20191105,4170.52
20191104,4167.06
20191101,4113.78
20191031,4092.37
20191030,4133.72
20191029,4119.86
20191028,4140.43
20191025,4117.18
20191024,4103.07
20191023,4135.51
20191022,4110.74
20191021,4101.72
20191018,4066.93
20191017,4064.26
20191016,4043.82
20191015,4040.53
20191014,4003.76
20191011,4034.22
20191010,3958
20191009,3917.7
20191008,3899.93
20191007,3922.93
20191004,3882.99
20191003,3856.05
20191002,3903.02
20191001,3991.7
20190930,4040.16
20190927,4013.66
20190926,3967.03
20190925,3955.95
20190924,3976.02
20190923,3993.45
20190920,4037.9
20190919,4037.09
20190918,4016.62
20190917,4050.08
20190916,4078.67
20190913,4073.39
20190912,4063.23
20190911,4009.79
20190910,4009.73
20190909,3992.04
20190906,3964.74
20190905,3937.89
20190904,3878.53
20190903,3817.81
20190830,3854.72
20190829,3820.01
20190828,3753.28
20190827,3795.1
20190826,3777.22
20190823,3790.86
20190822,3839.05
20190821,3847.84
20190820,3805.9
20190819,3866.54
20190816,3809.78
20190815,3751.98
20190814,3765.29
20190813,3858.97
20190812,3840.47
20190809,3868.83
20190808,3865.33
20190807,3800.15
20190806,3814.96
20190805,3817.21
20190802,3861.99
20190801,3913.56
20190731,3909.02
20190730,3902.17
20190729,3953.01
20190726,3965.89
20190725,3994.71
20190724,3992.61
20190723,3986.52
20190722,3915.01
20190719,3911.31
20190718,3885.68
20190717,3971
20190716,4010.68
20190715,3993
20190712,3967.99
20190711,3951.69
20190710,3952.59
20190709,3952.84
20190708,4000.27
20190705,4019.9
20190703,4039.31
20190702,3996.24
20190701,4004.09
20190628,3958.34
20190627,3953.85
20190626,3959.25
20190625,3921.08
20190624,3908.8
20190621,3944.08
20190620,3944.08
20190619,3943.17
20190618,3938.9
20190617,3873.09
20190614,3901.02
20190613,3936.17
20190612,3916.07
20190611,3941.74
20190610,3859.52
20190607,3855.7
20190606,3811
20190605,3818.59
20190604,3837.08
20190603,3809.34
20190531,3798.9
20190530,3817.18
20190529,3817.18
20190528,3875.79
20190524,3904.48
20190523,3868.39
20190522,3960.42
20190521,3969.25
20190520,3916.02
20190517,3948.14
20190516,3934.28
20190515,3855.23
20190514,3850.02
20190513,3806.17
20190510,3893.34
20190509,3850.87
20190508,3908.18
20190507,3928.98
20190506,3969.43
20190503,4013.97
20190502,4002.51
20190501,4031.38
20190430,4031.38
20190429,4086.9
20190426,4117.56
20190425,4135.17
20190424,4138.77
20190423,4166.6
20190422,4150.67
20190418,4150.67
20190417,4117.15
20190416,4145.22
20190415,4167.26
20190412,4187.86
20190411,4173.55
20190410,4171.93
20190409,4184.44
20190408,4216.42
20190405,4246.69
20190404,4232.15
20190403,4235.5
20190402,4172.41
20190401,4126.43
20190329,4030.84
20190328,4056.34
20190327,4097.65
20190326,4102.91
20190325,4096.31
20190322,4125.03
20190321,4222.51
20190320,4224.02
20190319,4278.36
20190318,4243.86
20190315,4217.6
20190314,4194.3
20190313,4123.46
20190312,4132.95
20190311,4119.23
20190308,4068.3
20190307,4090.42
20190306,4123.21
20190305,4145.97
20190304,4160.77
20190301,4164.46
20190228,4076.99
20190227,4110.36
20190226,4127.23
20190225,4099.63
20190222,4070.03
20190221,4065.47
20190220,4112.35
20190219,4094.29
20190215,4138.08
20190214,4102.4
20190213,4104.06
20190212,4081.97
20190211,4094.32
20190208,4063.28
20190207,4083.6
20190206,4125.51
20190205,4076.1
20190204,4018.45
20190201,3995.99
20190131,3982.68
20190130,4023.1
20190129,4037.56
20190128,4005.92
20190125,4055.18
20190124,4025.15
20190123,3999.69
20190122,4010.84
20190118,4027.84
20190117,3956.03
20190116,3941.58
20190115,3894.05
20190114,3873.75
20190111,3891.15
20190110,3901.24
20190109,3898.92
20190108,3865.15
20190107,3811.6
20190104,3807.9
20190103,3689.55
20190102,3714.13
20181231,3685.16
20181228,3685.16
20181227,3640.65
20181226,3689.83
20181224,3689.83
20181221,3689.83
20181220,3714.87
20181219,3801.01
20181218,3763.22
20181217,3779.43
20181214,3810.01
20181213,3806.16
20181212,3835.45
20181211,3730.29
20181210,3666.73
20181207,3729.57
20181206,3779.32
20181204,3779.32
20181203,3883.45
20181130,3792.81
20181129,3811.43
20181128,3803.04
20181127,3805.71
20181126,3842.1
20181123,3819.19
20181121,3811.18
20181120,3832.07
20181119,3899.11
20181116,3939.19
20181115,3914.85
20181114,3956.19
20181113,3978.43
20181112,3976.81
20181109,3988.52
20181108,4037.89
20181107,4029.21
20181106,3994.56
20181105,4007.9
20181102,4019.03
20181101,3950.13
20181031,3960.23